4 4 8 9
A 1  1  0 0  0 1  0 2  0 3  1 1  1 3  2 0  2 1  2 2  2 3
L 1  3  0 0  0 1  0 2  0 3  1 0
B 1  3  0 0  0 1  0 2  0 3  1 0  1 1
E 3  1  0 0  0 1  1 1  1 2  2 2
R 1  3  0 0  0 1  0 2  0 3  1 0  2 0
T 2  3  0 0  0 1  1 1  2 0  2 1  2 2  3 1
I 2  0  0 0  1 0  2 0
N 2  1  0 0  1 0  2 0  2 1  0 2  1 2  2 2
S 1  1  0 0  1 0  1 1  2 1
pattern
.+++
.+++
.+++
.+++

..++
..++
..++
..++

...+
...+
...+
...+

....
....
....
....

....
....
....
....

+...
+...
+...
+...

++..
++..
++..
++..

+++.
+++.
+++.
+++.
